0	0.499984	0	0	0.875004	1	0	0.0334104	0
0.01	0.215849	0.01	0.01	0.946038	0.9975	0.01	0.0174982	0
0.02	0.0166277	0.02	0.02	0.995843	0.995	0.02	-0.0162247	0
0.03	-0.0571003	0.03	0.03	1.01428	0.9925	0.03	-0.0368268	0
0.04	-0.0258421	0.04	0.04	1.00646	0.99	0.04	-0.0228031	0
0.05	0.0485341	0.05	0.05	0.987866	0.9875	0.05	0.0172579	0
0.06	0.103848	0.06	0.06	0.974038	0.985	0.06	0.0478916	0
0.07	0.112203	0.07	0.07	0.971949	0.9825	0.07	0.0344124	0
0.08	0.0872875	0.08	0.08	0.978178	0.98	0.08	-0.0239683	0
0.09	0.063919	0.09	0.09	0.98402	0.9775	0.09	-0.0812989	0
0.1	0.0680252	0.1	0.1	0.982994	0.975	0.1	-0.0657978	0
0.11	0.0991893	0.11	0.11	0.975203	0.9725	0.11	0.0757217	0
0.12	0.135864	0.12	0.12	0.966034	0.97	0.12	0.338611	0
0.13	0.155622	0.13	0.13	0.961095	0.9675	0.13	0.654217	1
0.14	0.152907	0.14	0.14	0.961773	0.965	0.14	0.92381	1
0.15	0.141061	0.15	0.15	0.964735	0.9625	0.15	1.07253	1
0.16	0.139167	0.16	0.16	0.965208	0.96	0.16	1.08902	1
0.17	0.155943	0.17	0.17	0.961014	0.9575	0.17	1.02545	1
0.18	0.183813	0.18	0.18	0.954047	0.955	0.18	0.959302	1
0.19	0.206807	0.19	0.19	0.948298	0.9525	0.19	0.943779	1
0.2	0.214512	0.2	0.2	0.946372	0.95	0.2	0.980181	1
0.21	0.210161	0.21	0.21	0.94746	0.9475	0.21	1.02865	1
0.22	0.206785	0.22	0.22	0.948304	0.945	0.22	1.04587	1
0.23	0.21558	0.23	0.23	0.946105	0.9425	0.23	1.01999	1
0.24	0.236699	0.24	0.24	0.940825	0.94	0.24	0.977116	1
0.25	0.25991	0.25	0.25	0.935023	0.9375	0.25	0.956681	1
0.26	0.273876	0.26	0.26	0.931531	0.935	0.26	0.977152	1
0.27	0.275775	0.27	0.27	0.931056	0.9325	0.27	1.02019	1
0.28	0.273174	0.28	0.28	0.931707	0.93	0.28	1.0462	1
0.29	0.277051	0.29	0.29	0.930737	0.9275	0.29	1.02883	1
0.3	0.292317	0.3	0.3	0.926921	0.925	0.3	0.979894	1
0.31	0.313944	0.31	0.31	0.921514	0.9225	0.31	0.943095	1
0.32	0.331696	0.32	0.32	0.917076	0.92	0.32	0.958813	1
0.33	0.339082	0.33	0.33	0.91523	0.9175	0.33	1.02577	1
0.34	0.338738	0.34	0.34	0.915315	0.915	0.34	1.09009	1
0.35	0.339833	0.35	0.35	0.915042	0.9125	0.35	1.07343	1
0.36	0.349988	0.36	0.36	0.912503	0.91	0.36	0.923526	1
0.37	0.368795	0.37	0.37	0.907801	0.9075	0.37	0.652702	1
0.38	0.388409	0.38	0.38	0.902898	0.905	0.38	0.337113	0
0.39	0.400501	0.39	0.39	0.899875	0.9025	0.39	0.0758083	0
0.4	0.403439	0.4	0.4	0.89914	0.9	0.4	-0.0638203	0
0.41	0.403533	0.41	0.41	0.899117	0.8975	0.41	-0.0790403	0
0.42	0.409427	0.42	0.42	0.897643	0.895	0.42	-0.0237531	0
0.43	0.424586	0.43	0.43	0.893854	0.8925	0.43	0.0318141	0
0.44	0.444388	0.44	0.44	0.888903	0.89	0.44	0.0444904	0
0.45	0.460249	0.45	0.45	0.884938	0.8875	0.45	0.0164674	0
0.46	0.467107	0.46	0.46	0.883223	0.885	0.46	-0.0193988	0
0.47	0.467783	0.47	0.47	0.883054	0.8825	0.47	-0.0316784	0
0.48	0.470452	0.48	0.48	0.882387	0.88	0.48	-0.0143926	0
0.49	0.481507	0.49	0.49	0.879623	0.8775	0.49	0.0129646	0
0.5	0.500001	0.5	0.5	0.875	0.875	0.5	0.0254024	0
0.51	0.518494	0.51	0.51	0.870377	0.8725	0.51	0.0138843	0
0.52	0.529548	0.52	0.52	0.867613	0.87	0.52	-0.00901482	0
0.53	0.532216	0.53	0.53	0.866946	0.8675	0.53	-0.0220251	0
0.54	0.532892	0.54	0.54	0.866777	0.865	0.54	-0.0142114	0
0.55	0.539751	0.55	0.55	0.865062	0.8625	0.55	0.00626195	0
0.56	0.555613	0.56	0.56	0.861097	0.86	0.56	0.0203241	0
0.57	0.575415	0.57	0.57	0.856146	0.8575	0.57	0.015267	0
0.58	0.590573	0.58	0.58	0.852357	0.855	0.58	-0.00409586	0
0.59	0.596467	0.59	0.59	0.850883	0.8525	0.59	-0.0198932	0
0.6	0.59656	0.6	0.6	0.85086	0.85	0.6	-0.0172412	0
0.61	0.599498	0.61	0.61	0.850125	0.8475	0.61	0.0021375	0
0.62	0.611592	0.62	0.62	0.847102	0.845	0.62	0.020792	0
0.63	0.631206	0.63	0.63	0.842198	0.8425	0.63	0.0206925	0
0.64	0.650012	0.64	0.64	0.837497	0.84	0.64	-4.17117e-005	0
0.65	0.660166	0.65	0.65	0.834958	0.8375	0.65	-0.0236724	0
0.66	0.661261	0.66	0.66	0.834685	0.835	0.66	-0.0270193	0
0.67	0.660918	0.67	0.67	0.834771	0.8325	0.67	-0.00267144	0
0.68	0.668304	0.68	0.68	0.832924	0.83	0.68	0.0307502	0
0.69	0.686058	0.69	0.69	0.828486	0.8275	0.69	0.0403295	0
0.7	0.707684	0.7	0.7	0.823079	0.825	0.7	0.00678031	0
0.71	0.722949	0.71	0.71	0.819263	0.8225	0.71	-0.0514733	0
0.72	0.726825	0.72	0.72	0.818294	0.82	0.72	-0.0782885	0
0.73	0.724223	0.73	0.73	0.818944	0.8175	0.73	-0.00876519	0
0.74	0.726124	0.74	0.74	0.818469	0.815	0.74	0.188688	0
0.75	0.740091	0.75	0.75	0.814977	0.8125	0.75	0.484523	1
0.76	0.763302	0.76	0.76	0.809174	0.81	0.76	0.795065	1
0.77	0.784421	0.77	0.77	0.803895	0.8075	0.77	1.02354	1
0.78	0.793214	0.78	0.78	0.801696	0.805	0.78	1.11195	1
0.79	0.789837	0.79	0.79	0.802541	0.8025	0.79	1.07229	1
0.8	0.785487	0.8	0.8	0.803628	0.8	0.8	0.977312	1
0.81	0.793193	0.81	0.81	0.801702	0.7975	0.81	0.915604	1
0.82	0.816189	0.82	0.82	0.795953	0.795	0.82	0.937682	1
0.83	0.844058	0.83	0.83	0.788985	0.7925	0.83	1.02555	1
0.84	0.860833	0.84	0.84	0.784792	0.79	0.84	1.10386	1
0.85	0.858937	0.85	0.85	0.785266	0.7875	0.85	1.08562	1
0.86	0.847091	0.86	0.86	0.788227	0.785	0.86	0.92497	1
0.87	0.844378	0.87	0.87	0.788906	0.7825	0.87	0.645788	1
0.88	0.864139	0.88	0.88	0.783965	0.78	0.88	0.330054	0
0.89	0.900814	0.89	0.89	0.774797	0.7775	0.89	0.0740467	0
0.9	0.931976	0.9	0.9	0.767006	0.775	0.9	-0.0610603	0
0.91	0.936079	0.91	0.91	0.76598	0.7725	0.91	-0.0757176	0
0.92	0.912708	0.92	0.92	0.771823	0.77	0.92	-0.0222805	0
0.93	0.887794	0.93	0.93	0.778051	0.7675	0.93	0.0319647	0
0.94	0.896154	0.94	0.94	0.775961	0.765	0.94	0.0444846	0
0.95	0.951472	0.95	0.95	0.762132	0.7625	0.95	0.0158376	0
0.96	1.02585	0.96	0.96	0.743538	0.76	0.96	-0.0218917	0
0.97	1.0571	0.97	0.97	0.735726	0.7575	0.97	-0.0352056	0
0.98	0.983357	0.98	0.98	0.754161	0.755	0.98	-0.0153097	0
0.99	0.784125	0.99	0.99	0.803969	0.7525	0.99	0.0176588	0
1	0.499984	1	1	0.875004	0.75	1	0.0334104	0
